8.395923643531080782e-02
4.127482674429272524e-01
2.118104422743271043e-01
6.138616714994636625e-02
4.316264667146770817e-01
1.892556835605304633e-01
9.996471510403386329e-01
1.700233101675803771e-01
4.510953299507580033e-02
3.194426653531785010e-01
8.113762013832253039e-01
6.280084096120101822e-02
2.777022781536288565e-01
1.717346627697894645e-01
9.388537982944392679e-01
6.148211359337665133e-02
2.134257535086763191e-01
3.052321385093478834e-01
7.764681993892983414e-01
1.797199192473832863e-01
2.535049617593790328e-01
4.592842246068484791e-02
1.907908108186322227e-01
3.624226009655582836e-01
1.158864164004616143e-01
3.031929368283142190e-01
4.170663877754407500e-01
3.637072586594834733e-02
3.273340401767354385e-02
1.249461887754848011e-01
4.878001702927435568e-02
8.181586416708439002e-02
4.169712927608144187e-02
2.281174969474910053e-01
7.361958585128505206e-01
3.598748827186374899e-01
7.438407749519314327e-02
4.661270794597309197e-01
1.009602448149453102e-01
4.905102314297200838e-02
2.394336876541101611e-01
4.266551562830109279e-01
7.963092594018905679e-02
9.596506045666257367e-02
9.144087074372059254e-01
4.383934634665268698e-02
1.643804107255273650e-01
8.681223953154883211e-02
7.182873245833740206e-02
2.407163067195190465e-01
9.997969179570608267e-01
1.932329137898610161e-01
9.996727316532673102e-01
3.894809425371718037e-01
8.518348272425165790e-01
8.968108081473293858e-01
7.202688036098885416e-01
6.053437148515704580e-01
6.427836014042173085e-01
9.497292112304746015e-01
8.275752062802395059e-01
8.430941962086867525e-01
1.820341547131396620e-01
8.807306293700317701e-01
9.644584423918086680e-01
6.514062368901611944e-01
8.289129029281331329e-01
9.986068582792569925e-01
3.793491196811816790e-01
9.482509007770264509e-01
9.774239660936832053e-01
3.118119856737608941e-01
6.300739874915697314e-01
4.262028120441057610e-01
8.020859332137931785e-01
9.912832425356812305e-01
7.102165441570814641e-01
4.702095964353623092e-01
9.820112709621475755e-01
2.498713875085065705e-01
1.602608014353690546e-01
9.998601031741355394e-01
9.681678355033056516e-01
9.343393613803621101e-01
5.085324035602352133e-01
8.780004914358024992e-01
8.046763169432592511e-01
6.498020150562742181e-01
7.525075971933120611e-01
9.999454503652210891e-01
2.342792109180916182e-01
7.147115302900752809e-01
6.953285531222019866e-01
8.041822538235230411e-01
8.353995443712440849e-01
5.220591687557436522e-01
5.029753380227157677e-01
7.232943110330875003e-01
9.979438200560458716e-01
4.142514787550783395e-01
