1.128717852865079863e-01
-8.786025693925161306e-01
7.544993703392264273e-01
1.593738509299225115e-01
8.569827941434158269e-01
2.765178145561646428e-01
1.616036736974112709e-01
9.298183462805553745e-01
9.919610863889203323e-01
8.816572059570915165e-01
1.029915855922871382e+00
7.787664443968788514e-03
-6.772094280921336917e-01
4.887214401641495343e-01
-1.136473494727852085e-01
6.463822480695053940e-01
4.656894174173727974e-01
7.497799912082232510e-01
-6.528419016385562657e-01
-5.690773717808141896e-01
-2.316783387517808990e-01
-5.682710834096660335e-01
1.281419119114417526e-01
-8.325204969743076333e-01
-9.135833241341204669e-01
-9.108193393938437410e-01
-5.506163770333110108e-01
-5.867420294389535940e-01
-6.133110326861697104e-01
6.808697294490144714e-01
5.097513798250750128e-01
1.059286849160296695e+00
2.015630330419639904e-01
-9.476261440543964909e-02
3.748339122997563777e-01
9.206562367530635171e-01
1.002103904842428506e-01
7.495659541190919928e-01
-4.777620609762678328e-01
6.824872628438262145e-01
-5.201614280874409246e-01
-1.569012063320727179e-01
-2.180318199405046897e-01
-6.130301148400332245e-01
3.688637356455082283e-01
9.357476583853252539e-01
7.394897841500489566e-01
4.497553344918253093e-01
9.203059789570973148e-01
-7.320623763853681965e-01
8.690436292141867636e-01
6.779930309229394991e-01
-9.198633193483285453e-02
-8.598227030310257729e-03
3.110366279470035411e-01
2.677211110196356936e-01
4.473783888281941956e-01
-9.942566653108320107e-01
-5.183727207620396626e-01
1.024491887518169886e+00
1.037869635027139692e+00
-5.483813149356289163e-01
-8.969824662549186201e-01
-2.627921009902767224e-01
8.821609539008017364e-01
5.522054299024095059e-01
8.973083096926162128e-01
-5.584730907391284305e-01
5.350337836173535422e-01
6.607217891341403693e-01
-6.650366892140944231e-01
1.244561016157822997e-01
-8.909614677892268020e-01
9.358778323925367459e-01
7.063108031405125331e-01
5.430135285478883134e-01
2.853690108859692764e-01
-9.478587568490306481e-01
2.328278737470779181e-01
1.147216372604262791e-01
2.116375172029504315e-01
-7.167712665344829759e-01
-9.249301804983875996e-01
5.488539993013468177e-01
-1.932463936694119866e-01
-8.458850707344740538e-01
-2.586093840234724439e-01
7.563953826430012128e-01
9.123295701671878533e-01
-4.993063452187485041e-01
-7.953794783163754545e-01
-3.766062530224445482e-01
8.695184130837612102e-01
3.552748692153832877e-02
1.057574759859945868e+00
2.248451836604381526e-01
-8.763423434980133209e-02
-8.751001842056296276e-01
-9.845812143738051914e-01
6.841048570786411043e-01
-7.645767596786345877e-01
6.308163394192106699e-02
9.130504691899783420e-01
3.061040103096518417e-01
8.013395958833373633e-01
-9.791399262462108233e-01
-5.515919499007062576e-01
-2.704720596425076451e-01
7.546908664749203410e-01
-8.092745005821111448e-01
4.448485282660286089e-02
-8.880827438926224282e-01
4.949296084625505188e-01
6.769527155860159962e-01
-9.128144064473735497e-01
-8.964110229672845875e-01
4.041026092463777530e-01
1.149506285224539681e-01
4.039584051596989411e-03
5.127154094053025801e-01
-4.341715981878362385e-01
1.862092281686736905e-01
2.041879073362196095e-02
-3.285379467951656807e-01
3.055276777715629777e-01
-2.559600306316660578e-01
-4.197806381652000596e-01
5.987961187830329601e-01
-7.943543381173281404e-01
1.053776934988746694e+00
1.783133761898201275e-01
1.554559378537052894e-01
-3.283140269369440034e-01
2.052158582299341560e-01
4.491976060380589719e-02
1.462033375015394931e-01
-9.356877161630152706e-01
-8.247470137362089559e-01
9.102449628628113132e-01
1.026582861134312186e+00
-5.973163230590543549e-01
-9.747447408740872454e-01
7.157163812116578150e-01
8.576152467847357741e-01
-5.514188389494956155e-01
-7.207485272458029613e-01
2.680612294083722924e-01
-7.093745091029202143e-01
-7.591938601527850050e-01
4.082553006714704225e-01
-9.853975605041402908e-01
-7.739555654322156641e-01
4.831726780360545703e-01
5.290849021148265052e-01
9.313304355784325361e-01
-7.190956476994827540e-01
-6.269654025651654194e-01
4.851354575894150090e-01
4.659932890642615178e-01
2.730176336564981154e-01
9.538825963608310587e-02
-2.394386548586622254e-01
9.797815045341842222e-01
6.645270457861637836e-02
6.153249177641875178e-01
-9.317982510089644066e-01
-6.948467575943233498e-01
-3.008789422377731171e-01
9.425318768935507796e-01
-6.724345646838507662e-01
1.627475589276912160e-01
8.861893381965626482e-01
5.126162222079848618e-01
4.574917787587402529e-01
7.819842776826246844e-01
-7.106431986742620666e-01
-1.916562874371985359e-01
7.534745872532448985e-01
-1.344748840049510008e-01
-6.708886636250390723e-01
4.450276657862642371e-02
3.300845806269556704e-01
-6.354322552496198817e-01
7.562689265095414726e-01
2.546356265896143611e-01
-8.420310856722261761e-01
-9.555837796313397803e-01
4.196287920483534606e-01
-6.365406748771924583e-01
2.939017104531818636e-01
7.735346267762430728e-01
-9.718890132743398524e-01
3.302352775866523871e-02
8.225236740307160233e-01
6.862268197774377132e-01
3.015216248422241119e-01
1.364432649846206713e-01
-5.928198080723143804e-01
3.132801851382467362e-01
1.038496552847407717e+00
3.654013059333038882e-02
